lat_north = 48.213079
lat_south = 48.190772
lon_east  = -3.007346
lon_west  = -3.051275
