LatOrigin  = 48.198334
LongOrigin = -3.014402
